4 0.083900 0.099773 0.149660 0.154195
4 0.349206 0.097506 0.149660 0.163265
4 0.620181 0.090703 0.160998 0.154195
4 0.882086 0.094104 0.167800 0.160998
4 0.880952 0.362812 0.156463 0.163265
4 0.619048 0.361678 0.154195 0.160998
4 0.351474 0.357143 0.158730 0.165533
4 0.088435 0.359410 0.149660 0.160998
4 0.122449 0.622449 0.154195 0.147392
4 0.362812 0.630385 0.149660 0.158730
4 0.630385 0.630385 0.163265 0.163265
4 0.901361 0.632653 0.165533 0.158730
4 0.892290 0.893424 0.156463 0.154195
4 0.634921 0.892290 0.154195 0.160998
4 0.362812 0.884354 0.149660 0.154195
4 0.115646 0.884354 0.149660 0.149660
