8 0.555000 0.460000 0.103333 0.106667
5 0.383333 0.081667 0.113333 0.113333
5 0.875000 0.231667 0.110000 0.103333
5 0.318333 0.251667 0.103333 0.110000
5 0.450833 0.939167 0.101667 0.118333
3 0.480000 0.356667 0.103333 0.106667
3 0.298333 0.406667 0.103333 0.103333
3 0.495833 0.844167 0.091667 0.105000
4 0.285000 0.139167 0.110000 0.105000
4 0.780000 0.186667 0.110000 0.116667
4 0.675000 0.729167 0.113333 0.108333
4 0.608333 0.819167 0.116667 0.118333
7 0.481667 0.194167 0.106667 0.108333
7 0.245833 0.701667 0.101667 0.106667
7 0.607500 0.546667 0.101667 0.100000
0 0.714167 0.589167 0.108333 0.111667
0 0.670000 0.250000 0.113333 0.110000
0 0.357500 0.506667 0.101667 0.103333
6 0.219167 0.297500 0.105000 0.108333
6 0.795000 0.515833 0.116667 0.115000
6 0.496667 0.733333 0.113333 0.113333
4 0.346667 0.659167 0.103333 0.108333
