8 0.639167 0.908333 0.118333 0.123333
7 0.391667 0.935833 0.116667 0.115000
7 0.464167 0.396667 0.111667 0.113333
7 0.584167 0.453333 0.115000 0.116667
6 0.723333 0.355000 0.120000 0.120000
6 0.785833 0.460000 0.121667 0.126667
6 0.377500 0.152500 0.121667 0.128333
0 0.625000 0.169167 0.110000 0.115000
0 0.778333 0.217500 0.116667 0.125000
0 0.442500 0.513333 0.111667 0.110000
4 0.512500 0.068333 0.111667 0.113333
4 0.564167 0.615833 0.118333 0.125000
4 0.346667 0.444167 0.103333 0.108333
4 0.273333 0.665000 0.103333 0.110000
4 0.341667 0.760000 0.110000 0.113333
3 0.285833 0.880000 0.101667 0.116667
3 0.245000 0.553333 0.110000 0.110000
3 0.613333 0.322500 0.123333 0.118333
5 0.503333 0.191667 0.123333 0.120000
5 0.339167 0.275000 0.115000 0.113333
5 0.774167 0.708333 0.121667 0.126667
5 0.496667 0.793333 0.113333 0.130000
