5 0.572500 0.250833 0.111667 0.121667
5 0.685833 0.420000 0.115000 0.110000
5 0.242500 0.623333 0.105000 0.106667
5 0.481667 0.774167 0.113333 0.115000
4 0.107500 0.309167 0.118333 0.111667
4 0.388333 0.365000 0.116667 0.123333
4 0.235833 0.417500 0.115000 0.115000
4 0.813333 0.359167 0.120000 0.128333
3 0.103333 0.456667 0.116667 0.116667
3 0.296667 0.209167 0.116667 0.125000
3 0.646667 0.587500 0.116667 0.115000
6 0.760833 0.695833 0.115000 0.125000
6 0.604167 0.697500 0.118333 0.128333
0 0.379167 0.486667 0.118333 0.120000
0 0.814167 0.490833 0.125000 0.121667
0 0.897500 0.601667 0.118333 0.120000
7 0.528333 0.438333 0.113333 0.120000
7 0.495833 0.625000 0.111667 0.120000
7 0.132500 0.576667 0.105000 0.120000
6 0.695833 0.282500 0.125000 0.131667
4 0.372500 0.715833 0.115000 0.118333
8 0.214167 0.800833 0.111667 0.115000
