4 0.794167 0.330833 0.118333 0.121667
4 0.852500 0.183333 0.125000 0.123333
4 0.916667 0.355833 0.126667 0.131667
4 0.483333 0.528333 0.113333 0.133333
4 0.154167 0.572500 0.125000 0.131667
4 0.595833 0.867500 0.118333 0.128333
4 0.945833 0.908333 0.108333 0.130000
3 0.472500 0.272500 0.111667 0.118333
3 0.614167 0.381667 0.121667 0.126667
3 0.315833 0.585000 0.121667 0.126667
3 0.555000 0.695833 0.116667 0.071667
3 0.793333 0.924167 0.123333 0.111667
7 0.683333 0.268333 0.126667 0.120000
7 0.381667 0.688333 0.126667 0.133333
7 0.685000 0.723333 0.123333 0.123333
7 0.957500 0.710833 0.085000 0.118333
0 0.476667 0.397500 0.120000 0.118333
0 0.735000 0.441667 0.123333 0.123333
0 0.366667 0.817500 0.123333 0.121667
0 0.465000 0.897500 0.110000 0.131667
5 0.365833 0.471667 0.105000 0.120000
5 0.763333 0.573333 0.123333 0.120000
5 0.820833 0.810000 0.108333 0.120000
5 0.947500 0.479167 0.101667 0.121667
5 0.955000 0.237500 0.090000 0.121667
5 0.560000 0.617500 0.113333 0.115000
6 0.850000 0.596667 0.086667 0.130000
6 0.615000 0.510833 0.130000 0.121667
