3 0.169167 0.115000 0.125000 0.123333
3 0.304167 0.231667 0.125000 0.120000
3 0.798333 0.192500 0.120000 0.121667
3 0.872500 0.071667 0.115000 0.136667
3 0.485000 0.783333 0.120000 0.126667
3 0.247500 0.551667 0.118333 0.066667
3 0.025000 0.435000 0.046667 0.120000
7 0.374167 0.121667 0.118333 0.126667
7 0.377500 0.574167 0.118333 0.121667
7 0.080833 0.541667 0.135000 0.123333
7 0.668333 0.570000 0.120000 0.110000
4 0.551667 0.049167 0.130000 0.095000
4 0.891667 0.374167 0.123333 0.128333
4 0.648333 0.770000 0.123333 0.133333
4 0.260833 0.857500 0.131667 0.128333
4 0.294167 0.723333 0.138333 0.130000
4 0.174167 0.371667 0.118333 0.126667
4 0.486667 0.180000 0.123333 0.130000
5 0.455000 0.420833 0.106667 0.115000
5 0.249167 0.470833 0.131667 0.118333
5 0.059167 0.315000 0.115000 0.123333
5 0.668333 0.088333 0.116667 0.116667
5 0.909167 0.250833 0.118333 0.128333
5 0.645000 0.329167 0.130000 0.121667
5 0.518333 0.663333 0.113333 0.130000
6 0.307500 0.357500 0.128333 0.128333
6 0.545000 0.449167 0.086667 0.121667
0 0.785833 0.530833 0.118333 0.125000
0 0.788333 0.807500 0.116667 0.128333
0 0.151667 0.750000 0.113333 0.120000
0 0.059167 0.669167 0.111667 0.118333
0 0.428333 0.290833 0.123333 0.121667
0 0.163333 0.240000 0.126667 0.126667
4 0.615833 0.200833 0.125000 0.125000
5 0.905000 0.503333 0.113333 0.123333
8 0.765833 0.371667 0.118333 0.133333
