4 0.420833 0.122500 0.135000 0.131667
4 0.880000 0.235833 0.140000 0.141667
4 0.714167 0.880000 0.138333 0.146667
4 0.486667 0.895000 0.146667 0.153333
4 0.243333 0.328333 0.133333 0.133333
0 0.730833 0.105000 0.141667 0.140000
0 0.429167 0.496667 0.131667 0.136667
0 0.851667 0.564167 0.136667 0.145000
6 0.378333 0.265833 0.150000 0.138333
6 0.710000 0.514167 0.143333 0.148333
6 0.305000 0.606667 0.146667 0.146667
5 0.212500 0.725833 0.135000 0.135000
5 0.575000 0.584167 0.140000 0.138333
5 0.830833 0.413333 0.145000 0.140000
5 0.517500 0.319167 0.131667 0.145000
8 0.581667 0.440000 0.140000 0.140000
7 0.288333 0.462500 0.143333 0.135000
7 0.686667 0.668333 0.150000 0.156667
7 0.450000 0.648333 0.140000 0.143333
3 0.357500 0.758333 0.135000 0.140000
3 0.192500 0.866667 0.138333 0.136667
3 0.642500 0.234167 0.138333 0.141667
