6 0.833333 0.345000 0.096667 0.093333
6 0.442500 0.626667 0.075000 0.096667
6 0.300833 0.566667 0.075000 0.076667
6 0.741667 0.219167 0.090000 0.075000
4 0.903333 0.512500 0.093333 0.098333
4 0.520000 0.845000 0.080000 0.086667
4 0.045000 0.604167 0.063333 0.071667
4 0.295000 0.799167 0.066667 0.085000
4 0.275000 0.881667 0.066667 0.080000
4 0.223333 0.578333 0.066667 0.073333
4 0.402500 0.454167 0.081667 0.078333
4 0.439167 0.355833 0.075000 0.085000
4 0.646667 0.249167 0.080000 0.088333
4 0.545833 0.114167 0.075000 0.088333
4 0.684167 0.575833 0.088333 0.091667
0 0.522500 0.261667 0.081667 0.083333
0 0.636667 0.706667 0.083333 0.090000
0 0.615833 0.884167 0.085000 0.085000
0 0.220000 0.811667 0.073333 0.080000
0 0.161667 0.757500 0.070000 0.075000
0 0.369167 0.527500 0.075000 0.075000
0 0.780833 0.505000 0.095000 0.080000
0 0.215000 0.496667 0.073333 0.083333
7 0.335833 0.420833 0.075000 0.081667
7 0.450000 0.235833 0.076667 0.085000
7 0.808333 0.610000 0.090000 0.093333
7 0.598333 0.789167 0.080000 0.075000
7 0.345833 0.708333 0.078333 0.086667
7 0.173333 0.678333 0.066667 0.080000
3 0.411667 0.860833 0.076667 0.085000
3 0.128333 0.619167 0.060000 0.081667
3 0.267500 0.690833 0.058333 0.041667
3 0.216667 0.420833 0.076667 0.081667
3 0.293333 0.487500 0.073333 0.068333
3 0.604167 0.449167 0.081667 0.078333
3 0.670833 0.123333 0.088333 0.083333
3 0.575000 0.179167 0.083333 0.078333
3 0.651667 0.373333 0.080000 0.083333
4 0.486667 0.465000 0.073333 0.083333
5 0.429167 0.776667 0.078333 0.083333
5 0.509167 0.548333 0.078333 0.076667
5 0.516667 0.388333 0.080000 0.076667
5 0.626667 0.322500 0.083333 0.065000
5 0.680833 0.488333 0.081667 0.090000
5 0.800000 0.443333 0.090000 0.080000
5 0.710000 0.662500 0.083333 0.085000
5 0.377500 0.612500 0.061667 0.078333
5 0.260833 0.640000 0.068333 0.070000
5 0.155000 0.544167 0.063333 0.068333
8 0.584167 0.578333 0.078333 0.090000
8 0.531667 0.720833 0.076667 0.085000
