1 0.316667 0.204167 0.123333 0.131667
1 0.114167 0.474167 0.128333 0.125000
1 0.807500 0.751667 0.115000 0.120000
1 0.409167 0.919167 0.121667 0.108333
1 0.125000 0.916667 0.130000 0.116667
2 0.464167 0.050000 0.128333 0.096667
2 0.606667 0.251667 0.123333 0.126667
2 0.739167 0.335000 0.125000 0.120000
2 0.926667 0.626667 0.116667 0.126667
2 0.634167 0.716667 0.118333 0.123333
2 0.354167 0.554167 0.121667 0.125000
2 0.226667 0.534167 0.126667 0.121667
2 0.286667 0.386667 0.126667 0.130000
3 0.646667 0.084167 0.126667 0.131667
3 0.497500 0.136667 0.125000 0.123333
3 0.611667 0.426667 0.116667 0.133333
3 0.539167 0.539167 0.118333 0.125000
3 0.052500 0.584167 0.101667 0.128333
4 0.419167 0.254167 0.121667 0.131667
4 0.776667 0.617500 0.106667 0.105000
4 0.526667 0.869167 0.116667 0.125000
4 0.169167 0.645000 0.121667 0.120000
5 0.506667 0.714167 0.120000 0.121667
6 0.646667 0.844167 0.110000 0.118333
6 0.651667 0.591667 0.110000 0.106667
6 0.809167 0.531667 0.118333 0.106667
6 0.387500 0.676667 0.115000 0.123333
6 0.189167 0.774167 0.108333 0.121667
6 0.404167 0.440000 0.118333 0.130000
6 0.574167 0.339167 0.111667 0.061667
0 0.286667 0.791667 0.096667 0.140000
0 0.061667 0.706667 0.120000 0.126667
0 0.844167 0.396667 0.111667 0.123333
0 0.734167 0.222500 0.125000 0.121667
