4 0.247500 0.418333 0.108333 0.096667
4 0.291667 0.499167 0.116667 0.111667
4 0.304167 0.663333 0.121667 0.130000
4 0.438333 0.753333 0.120000 0.123333
4 0.505000 0.901667 0.120000 0.130000
4 0.741667 0.831667 0.123333 0.126667
4 0.852500 0.903333 0.115000 0.133333
4 0.262500 0.085833 0.101667 0.111667
4 0.580000 0.251667 0.113333 0.120000
4 0.826667 0.287500 0.120000 0.118333
4 0.820833 0.412500 0.118333 0.115000
4 0.827500 0.558333 0.105000 0.120000
4 0.683333 0.635833 0.110000 0.118333
4 0.487500 0.407500 0.115000 0.111667
3 0.335000 0.192500 0.116667 0.121667
3 0.352500 0.074167 0.091667 0.111667
3 0.620833 0.130000 0.115000 0.116667
3 0.380833 0.305000 0.111667 0.116667
3 0.441667 0.534167 0.110000 0.121667
3 0.757500 0.612500 0.095000 0.108333
5 0.584167 0.807500 0.118333 0.125000
5 0.479167 0.115833 0.101667 0.095000
5 0.785833 0.156667 0.115000 0.120000
0 0.692500 0.225000 0.111667 0.116667
0 0.834167 0.736667 0.111667 0.126667
7 0.620000 0.395000 0.103333 0.120000
2 0.498333 0.185000 0.116667 0.086667
1 0.569167 0.543333 0.118333 0.130000
